P4: 핵심 18.1, 16.2, 12.2, 12.1, 11.1, 10.1, 08.4, 07.4, 06.3, 05.4, 05.4, 05.2, 04.4 
P5: 핵심 15.3, 15.1, 05.1, 04.4, 03.4
P6: 핵심 14.3, 13.1, 12.3, 12.2, 09.1 더 중 첫 번째 폴더로 이동한다.
P7: 핵심 17.2, 14.2, 11.3, 10.2, 09.4, 07.1, 04.3, 03.4, 03.2, 03.1
P7: 핵심 14.3, 09.1, 08.1, 07.1, 04.1
P8: 핵심 18.상시, 17.2, 15.3, 13.3, 12.3, 11.2, 10.1, 07.3, 05.4, 04.4 •A NSI, 유니코드, UTF
P9: 입력한 후 <확인>을 클릭 핵심 15.1, 10.2, 06.4, 04.1, 03.3
P9: 핵심 15.1, 10.1, 08.2, 08.1, 07.4, 07.3, 06.3, 04.3
P10: 핵심 15.1, 09.2, 08.4, 07.4, 06.3, 03.4
P10: 핵심 17.2, 16.1, 15.1, 13.2, 11.1, 09.3, 09.2, 09.1, 05.3, 02.3
P10: 핵심 17.2, 15.2, 05.2
P11: 핵심 16.3, 14.1, 12.3, 09.4, 08.2, 06.1, 05.3, 03.4, 03.3, 03.1 핵심 08.2, 07.3, 06.
P11: 핵심 18.1, 15.3, 14.3, 12.3, 10.3, 09.3, 07.1, 04.2
P12: 핵심 16.2, 16.1, 15.1, 13.1, 10.3, 09.3, 09.1, 08.3, 08.1, 07.3, 06.4, 05.4 경 작업을 
P13: 핵심 15.2, 11.2, 10.3, 10.1, 09.4, 08.2, 06.4, 03.1, 02.3 핵심 15.3, 13.2, 13.1, 11.
P13: 핵심 14.2, 12.3, 09.2, 08.1, 07.2, 06.3, 06.2, 06.1, 05.3, 05.2, 05.1, 04.3, 03.1,
P13: 할 수 있음 핵심 18.1, 13.3, 13.2, 12.1, 11.2, 11.1, 08.3, 07.1, 06.3, 06.2, 06.1, 04.4
P14: 핵심 13.1, 12.2, 11.1, 10.3, 10.2, 10.1, 07.3, 06.1, 05.2
P15: 핵심 16.2, 15.3, 15.2, 14.1, 13.3, 12.2, 12.1, 09.4, 07.1, 04.4, 03.1 핵심 17.1, 16.
P16: 핵심 14.1, 11.3, 11.2, 10.3, 10.1, 09.4, 09.3, 08.1, 07.2, 05.2, 05.2, 05.1, 04.3,
P16: 핵심 18.1, 14.1, 13.2, 13.1, 12.2, 11.3, 10.3, 09.4, 08.4, 08.2, 08.1, 07.2, 06.1,
P17: 핵심 12.1, 09.4, 07.1, 05.2, 03.1 프로그래밍 필요함 중요하지 않음
P17: 핵심 15.2, 13.1, 09.3, 09.1, 08.2 단위에는 필드, 레코드, 파일, 데이터베이스가 있다.
P17: 램이라고 한다. 핵심 05.3, 03.3, 02.3
P17: 핵심 17.1, 11.3, 08.4, 08.1, 07.4, 07.3, 05.2, 03.1
P18:  (47.625) 를 2진수, 8진수, 16진수로 변환하기 핵심 18.상시, 17.2, 16.3, 16.2, 16.1, 14.1, 13.3, 
P19: 핵심 17.1, 16.3, 14.2, 13.3, 13.1, 12.3, 12.1, 11.1, 09.4, 08.1, 07.1, 05.3, 05.1,
P19: 핵심 18.상시, 17.1, 16.2, 15.3, 15.1, 09.1, 08.2, 06.4, 05.4, 05.2, 04.2, 04.1, 03.4
P20: 핵심 18.상시, 17.2, 16.2, 14.3, 14.1, 13.2, 12.1, 11.3, 11.1, 10.2, 10.1, 09.4, 09.3
P20: 핵심 16.2, 11.1, 09.3, 07.2, 07.1, 05.1, 04.2
P20: 핵심 18.상시, 16.3, 15.3, 15.1, 14.2, 13.3, 07.4
P21: 핵심 17.2, 15.2, 12.2, 11.3, 11.2, 09.1, 08.1, 07.4, 06.3, 06.2, 04.3, 04.2, 03.4 
P21: 핵심 16.3, 14.2, 09.2, 08.3, 08.1, 07.2, 06.1, 03.1
P22: 핵심 17.2, 16.1, 14.3, 12.3, 10.2, 09.3, 04.3
P23: 핵심 18.1, 16.3, 15.2, 11.3, 11.2, 10.3, 09.2, 07.3, 06.4, 06.2, 05.3, 03.2, 03.2 
P24: 핵심 18.상시, 18.1, 15.3, 15.2, 15.1, 14.3, 13.3, 13.2, 12.3, 11.3, 10.3, 10.2, 09.2
P24: 핵심 18.상시, 17.2, 16.3, 16.1, 15.2, 15.1, 14.3, 14.2, 14.1, 13.3, 12.2, 12.1, 04.2
P25: 핵심 18.1, 17.2, 17.1, 16.1, 13.3, 13.2, 13.1, 11.1, 09.1, 08.3, 07.2, 06.3, 04.4,
P26: 핵심 09.4, 08.4, 07.4, 07.2, 05.1
P26: 핵심 18.상시, 18.1, 16.2, 15.2, 12.1, 11.3, 11.2, 10.1, 08.4, 08.2, 08.1, 07.4, 07.3
P27: 핵심 15.3, 12.3, 09.2, 08.4, 03.1, 02.3
P28: 핵심 18.상시, 17.2, 15.1, 14.1, 13.3, 12.3, 10.3, 10.1, 09.4, 09.3, 09.2, 08.1
P29: 핵심 16.2, 11.2, 11.1, 08.4, 07.4, 07.3, 07.2, 07.1, 06.1, 05.2, 04.3, 03.4 •스 위치 
P30: 핵심 18.상시, 14.3, 14.1, 13.3, 13.1, 03.1 • 유니캐스트, 멀티캐스트, 애니캐스트의 3가지 종류의 주
P30: 핵심 18.상시, 18.1, 17.1, 16.2, 15.2, 15.1, 14.3, 13.3, 10.3, 09.4, 08.4, 08.2, 07.2
P30: • 4자리의 16진수를 콜론(:)으로 구분하여 표현하고 앞 자 핵심 18.1, 17.1, 16.1, 14.1, 13.1, 11.3, 11.2, 
P31: 핵심 17.2, 14.3, 14.2, 14.1, 12.3, 11.3, 10.2, 06.4 - 전송 계층 : 게이트웨이
P32: 핵심 17.2, 16.3, 16.1, 15.2, 14.2, 13.2, 11.2, 11.1, 10.3, 09.4, 09.1, 08.3, 08.2,
P32: 핵심 18.상시, 15.1, 14.3, 12.2, 12.1, 11.3, 11.2, 10.3, 10.2, 10.1, 09.2, 07.3, 06.4
P33: 핵심 15.1, 13.2, 12.1, 10.1, 09.3, 07.3, 07.1, 06.4, 05.3, 04.3, 04.1 • 그리드 컴퓨팅(Gr
P33: 핵심 18.1, 17.1, 15.3, 15.2, 15.1, 07.2, 05.3
P34: 핵심 07.2, 06.3, 06.1, 03.4, 03.2, 02.3
P34: 핵심 18.상시, 16.3, 16.1, 13.3, 12.2, 11.3, 10.3, 09.3, 07.3, 05.3, 05.2
P35: 핵심 17.1, 15.1, 14.2, 14.1, 13.2, 11.1, 10.1, 08.3, 07.3, 06.4, 04.3, 04.2, 04.2 
P35: 핵심 17.1, 15.3, 14.3, 12.3, 08.1, 07.1, 06.4, 06.2, 05.4, 05.1, 04.1, 03.3, 02.3
P35: 핵심 18.상시, 18.1, 17.2, 16.3, 16.2, 15.3, 15.2, 15.1, 13.2, 12.2, 12.1, 10.1, 09.4
P36: 잠깐만요 ! P2P 핵심 13.1, 12.3, 09.4, 09.1, 06.2, 06.1, 04.4, 04.2, 03.2, 03.1
P36: 핵심 17.1, 16.2, 15.2, 14.2, 13.3, 12.1, 10.2, 09.2, 08.4, 08.3, 06.3, 04.4, 04.3,
P37: 핵심 18.상시, 16.2, 15.3, 15.2, 15.1, 14.2, 14.1, 11.1, 08.4, 08.3, 07.3, 06.4, 05.2
P37: 가로막기 핵심 18.상시, 18.1, 17.2, 17.1, 16.3, 16.2, 15.1, 13.3, 12.1, 08.3, 07.2, 06.1,
P38: 핵심 16.3, 16.1, 15.2, 13.2, 13.1, 12.3, 11.3, 10.2, 10.1, 08.2, 07.4, 05.3, 04.4
P39: 핵심 18.상시, 17.2, 16.3, 16.1, 15.2, 14.3, 14.2, 14.1, 10.1, 04.4
P39: 워크시트의 수는 3개이며, [파일] → [옵션]을 클릭한 핵심 17.1, 16.3, 16.2, 15.3, 15.1, 13.3, 13.2, 13.
P40: 핵심 18.상시, 16.3, 16.2, 16.1, 15.1, 14.3, 14.2, 14.1, 13.2, 13.1, 12.3, 12.2, 10.3
P40: 0.25, 12시(정오)는 0.5로 저장됨 핵심 18.1, 17.2, 17.1, 16.3, 11.2, 10.1, 07.2, 07.1, 06.2,
P41: 핵심 18.1, 16.3, 15.3, 14.3, 12.1, 11.2, 07.3, 05.3, 04.4
P41: 핵심 17.2, 17.1, 15.1, 14.2, 12.3, 12.2, 11.3
P42: 핵심 16.1, 14.2, 14.1, 13.2, 13.1, 12.3, 10.3, 04.3, 03.1 셀에서 직접 편집 셀을 더블클릭하여 데이터의
P42: 누를 때만 계산함 핵심 13.3, 08.3, 05.3, 05.1, 04.2, 03.3
P43: 핵심 17.2, 17.1, 16.2, 14.3, 13.3
P43: 핵심 16.2, 14.1, 12.3, 05.3 문서 파일
P44: 일반 옵션 핵심 16.3, 15.2, 14.3, 11.3, 09.4, 09.3, 08.1, 07.4, 07.2, 06.4, 06.3, 05.3,
P44: 핵심 17.1, 12.1, 08.3, 05.2, 04.3, 02.3
P45: 핵심 18.상시, 18.1, 16.2, 15.3, 15.2, 13.3, 12.1, 11.2, 08.4, 06.4, 04.3 핵심 18.상시, 1
P46: 핵심 18.상시, 16.3, 15.3, 15.2, 15.1, 14.2, 14.1, 11.1, 09.4, 09.1, 08.4, 08.3, 03.3
P46: 핵심 18.1, 16.3, 16.1, 14.3, 14.2, 12.2, 08.3, 07.1, 06.2, 05.4, 05.1, 03.1
P46: 핵심 17.1, 15.3, 13.1, 10.3, 09.4, 08.3, 04.4, 04.1, 03.1 사용할 수 있음
P47: 핵심 11.3, 11.1, 10.2, 09.4, 06.2, 03.4 숫자, 빈 셀, 논리값(TRUE/FALSE),
P47: 핵심 18.상시, 18.1, 14.2, 14.1, 13.3 11.2, 10.2, 10.1, 09.4, 09.1, 08.1, 06.3, 06.2,
P48: 핵심 18.상시, 17.1, 16.3, 16.1, 15.3, 15.1, 12.3, 12.1, 11.2, 10.1, 09.2, 08.2, 08.1
P48: 핵심 18.1, 17.2, 16.1, 15.3, 14.2, 14.1, 12.1, 11.3, 11.2, 10.3, 09.4, 09.2, 08.4,
P50: 핵심 18.상시, 18.1, 17.2, 16.3, 16.2, 15.3, 15.1, 13.2, 13.1, 12.2, 11.3, 11.1, 10.2
P51: 핵심 17.2, 16.1, 15.3, 15.2, 15.1, 14.2, 13.2, 13.1, 12.3, 11.3, 11.2, 11.1, 10.3,
P51: 현재가치를 구함( 1년 뒤에 받을 1000 핵심 16.3, 16.2, 16.1, 15.3, 15.2, 15.1, 13.3, 11.1, 10.2
P52: 핵심 18.상시, 16.3, 16.2, 16.1, 15.2, 14.3, 14.1, 13.3, 13.2, 12.3, 12.1, 10.3, 10.2
P52: 핵심 18.1, 17.2, 15.2, 14.3, 14.1, 13.2, 10.3, 10.1, 05.4, 05.2, 05.1, 04.1, 03.2
P52: 핵심 18.1, 15.3, 15.2, 14.2, 13.3, 12.3, 12.1, 11.1, 10.3, 10.2, 10.1, 09.4, 09.3,
P53: 핵심 17.2, 17.1, 16.3, 16.2, 15.1, 13.2, 13.1, 12.3, 12.2, 12.1, 11.3, 10.2, 10.1,
P53: 핵심 16.3, 16.2, 16.1, 14.1, 13.3, 11.3, 11.1, 08.2, 05.2, 05.1, 04.2, 03.4, 03.2,
P54: 핵심 16.2, 15.3, 13.3, 11.1, 10.3 • 하나의 시트를 2개 혹은 4개의 영역으로 나눔
P56: 분선은 조절할 수 없다. 핵심 18.1, 17.1, 16.1, 15.3, 14.3, 14.2, 13.2, 13.1, 10.3, 10.2, 09.
P56: 핵심 17.2, 16.3, 11.3, 10.3, 10.1, 09.4, 09.2, 08.2, 07.3, 07.2, 06.3, 06.2, 06.1,
P57: 핵심 18.1, 16.2, 15.2, 14.1, 13.3, 12.1, 04.2
P58: 핵심 16.3, 15.2, 13.3, 12.3, 11.3, 07.1, 06.4, 06.2, 05.4, 04.3, 03.3, 03.1 • 실행 [
P58: 핵심 18.1, 15.3, 12.2, 11.3, 11.2, 10.3, 09.2, 09.1, 07.2, 05.4, 04.4, 04.2, 04.1,
P58: 핵심 18.1, 17.2, 16.2, 16.1, 15.1, 13.2, 11.1, 10.3, 09.4, 07.3, 06.4, 05.4, 05.2,
P59: 핵심 15.3, 14.3, 14.2, 13.2, 12.3, 12.2, 09.3, 09.2, 08.3, 08.1, 07.4, 05.3, 05.1,
P60: 표시된다. 핵심 17.1, 16.3, 15.1, 14.3, 14.2, 13.1, 12.3, 12.1, 10.1, 09.1, 08.1, 07.3,
P61: ➌ 변경할 값 입력 핵심 17.2, 16.1, 15.1, 12.2, 11.3, 09.2, 08.4, 08.3, 08.2, 07.1, 06.4, 
P61: ➋ 삭제 : 선택한 시나리오를 삭제 핵심 15.2, 15.1, 13.3, 13.2, 12.1, 11.3, 11.2, 10.3, 10.2, 10.
P62: 는 셀의 주소를 지정함 핵심 17.1, 14.2, 14.1, 13.3, 13.2, 13.1, 12.3, 12.2, 12.1, 11.3, 11.1
P62: 핵심 15.1, 11.1, 10.3, 09.1, 08.4, 07.2, 04.1 • 매크로는 엑셀에서 다양한 명령들을 일련의 순서대로
P63: 핵심 17.2, 16.3, 16.1, 14.1, 11.2, 10.3, 10.1, 08.4, 07.3, 05.4, 04.2, 02.3
P64: 핵심 17.2, 15.1, 12.3, 07.2, 06.2, 05.3, 05.2, 05.1
P65: 핵심 09.2, 05.3, 04.4, 02.3 핵심 15.3, 15.2, 12.2, 10.3, 09.1, 08.4, 08.1, 07.2, 06.
P65: 핵심 15.2, 13.1, 12.3, 12.2, 11.3, 09.3, 08.4, 08.3, 06.4, 06.3, 06.1, 05.4, 04.4,
P65: 실행문← 핵심 10.1, 09.1, 07.3, 07.1
P66: 핵심 18.상시, 17.2, 16.3, 16.1, 15.1, 14.3, 14.2, 13.3, 13.1, 10.2, 09.4, 09.3, 08.3
P66: Name 워크시트의 이름 핵심 17.2, 14.1, 11.3, 11.1, 10.2, 09.3, 08.3, 08.2, 06.4, 06.1, 04.
P66: 핵심 16.3, 16.2, 16.1, 14.2, 13.3, 13.2, 12.1, 11.2, 11.1, 10.2, 09.4, 07.1, 06.2,
P67: 핵심 18.상시, 16.3, 16.2, 15.2, 14.2, 13.1, 12.2, 12.1, 09.4, 08.1, 07.4, 06.4, 06.3
P67: 핵심 16.1, 15.3, 15.2, 13.3, 12.3, 10.3, 10.1
P68: 핵심 17.2, 16.3, 14.1, 13.1, 12.2, 12.1, 10.3, 10.1, 09.2, 08.2, 08.1, 07.1, 05.2,
P68: 핵심 18.1, 15.2, 15.1, 14.3, 12.3, 11.1, 09.1, 07.4, 07.3, 05.2, 03.1
P69: 핵심 18.1, 17.2, 16.2, 16.1, 15.2, 14.3, 14.2, 13.3, 13.1, 12.3, 12.2, 11.3, 11.1,
P69: 핵심 15.3, 12.1, 06.4, 06.2, 05.1, 04.4, 04.3, 04.1, 03.1
P70: 핵심 13.1, 08.3, 06.1
P70: 152 테이블 구조 변경 핵심 18.상시, 17.1, 16.3, 15.2, 14.1, 13.3, 13.2, 12.3, 11.2, 10.1, 08
P71: • 사용자 지정 기호 핵심 16.2, 12.2, 09.2, 09.1, 08.3, 07.1, 06.2, 05.3, 03.2, 02.3
P71: 핵심 18.상시, 18.1, 17.2, 17.1, 16.3, 15.2, 14.3, 14.2, 14.1, 12.3, 12.1, 11.2, 11.1
P72: 핵심 18.1, 17.1, 16.3, 13.2, 12.3, 11.2, 10.3, 10.2, 09.1, 07.2, 06.3, 05.4, 04.3,
P73: 핵심 17.1, 16.3, 16.2, 15.1, 12.2, 12.1, 11.3, 11.2, 10.1, 09.3, 08.3, 07.3, 05.3,
P73: 핵심 16.2, 15.3, 10.1, 09.4, 09.1, 08.4, 08.2, 07.1, 06.3, 05.2, 02.3 터를 입력해야 한다.
P74: 핵심 18.상시, 18.1, 15.3, 15.1, 13.2, 13.1, 12.1, 10.3, 09.4, 08.3, 08.1, 07.4, 06.3
P74: 핵심 17.2, 14.2, 14.1, 13.3, 12.3, 11.1, 10.2, 09.4, 08.1, 07.1, 06.4, 06.2, 05.3,
P75: 핵심 18.1, 15.3, 15.1, 14.3, 13.2, 12.3, 11.1, 10.1, 09.4, 09.2, 08.1, 07.1, 06.4,
P75: 핵심 16.2, 15.3, 15.2, 11.3, 10.2, 10.1, 09.3, 08.4, 07.4, 06.2, 05.3, 05.2, 04.2,
P75: 핵심 18.상시, 17.2, 17.1, 16.2, 16.1, 15.3, 14.2, 13.3, 13.1, 12.2, 12.1, 11.2, 10.3
P75: 핵심 17.1, 16.3, 14.3, 11.3, 11.1, 10.2, 09.3, 09.1, 08.4, 08.2, 07.4, 07.2, 07.1,
P77: 핵심 17.2, 15.2, 14.1, 13.2, 11.2, 10.2, 10.2, 09.1, 08.4, 05.4, 05.3, 04.3, 04.1,
P77: 핵심 18.1, 17.1, 16.3, 16.2, 16.1, 14.3, 14.2, 14.1, 13.3, 13.2, 11.3, 11.1, 10.1,
P78: 삭제(DELETE)문 핵심 18.1, 17.2, 17.1, 16.1, 15.3, 12.3, 11.3, 11.1, 10.3, 10.1, 08.2,
P78: 핵심 18.상시, 18.1, 17.2, 16.3, 16.2, 16.1, 15.3, 15.2, 15.1, 14.2, 14.1, 13.2, 12.3
P79: 핵심 15.3, 12.2, 11.3, 11.1, 10.2, 10.1, 09.1, 08.3, 08.1, 07.2, 06.4, 06.3, 05.3,
P79: 핵심 12.3, 09.3, 07.2, 07.1, 04.2
P80: 핵심 17.1, 16.3, 15.1, 14.3, 14.1, 12.2, 11.2, 10.3, 10.1, 09.4, 09.2, 08.2, 08.1,
P81: 핵심 16.3, 14.3, 13.2, 11.2, 08.4, 06.4, 04.2, 03.2 렬] → [크기 및 순서 조정] → [크기/공간] → 
P81: 핵심 15.3, 15.1, 08.4, 06.3, 05.2, 05.1, 04.3, 03.3, 03.1, 02.3
P81: 핵심 16.3, 16.1, 15.3, 15.2, 11.3, 10.3, 09.3, 08.3, 08.1, 07.3, 06.2, 06.1, 05.4,
P82: 핵심 18.상시, 17.2, 16.3, 15.1, 13.2, 13.1, 12.1, 11.2, 10.3, 09.2, 09.1, 07.3, 07.1
P83: 가 1(숫자 형식) 핵심 18.상시, 18.1, 17.1, 16.3, 16.2, 15.1, 14.3, 14.2, 13.1, 12.3, 12.2,
P83: 핵심 15.2, 13.1, 12.3, 12.2, 11.3, 11.1, 10.2, 09.3, 05.4, 05.2, 04.3, 04.1, 03.4,
P84: 핵심 17.2, 16.1, 15.3, 14.3 • ‘페이지 설정’ 대화상자
P84: 핵심 15.2, 14.2, 13.3, 11.1, 10.2, 09.1, 08.2, 03.3
P84: 핵심 18.1, 15.3, 13.2, 12.2, 11.3, 10.1, 09.2, 07.4, 07.2, 05.3, 04.2, 03.2, 02.3
P85: 핵심 18.1, 17.2, 17.1, 16.3, 16.2, 15.3, 14.3, 14.1, 12.2, 11.2, 10.1, 08.3, 08.1,
P85: 핵심 18.상시, 17.1, 16.3, 16.2, 13.3, 13.1, 12.3, 12.2, 11.2, 10.1, 09.4, 09.2, 08.2
P85: 핵심 16.2, 15.1, 14.1, 13.3, 13.2, 13.1, 12.3, 12.1, 11.3, 11.2, 11.1, 10.3, 10.2,
P86: 핵심 18.1, 17.2, 16.1, 12.1, 11.2, 10.2, 09.4, 09.3, 08.4, 06.3, 05.4, 03.1, 02.3
P87: 핵심 16.2, 15.3, 13.2, 12.2, 11.3, 11.2, 09.3, 09.2, 08.4, 08.3, 07.4, 07.1, 06.4,
P88: •창 의 주요 이벤트 핵심 18.상시, 17.1, 15.2, 12.2, 09.2, 09.1, 08.4, 08.3, 07.4, 06.3, 04.1
P88: 핵심 18.상시, 16.3, 14.1, 13.2, 09.1, 08.3, 08.1, 05.3, 04.1, 03.2
